repeat
    wait()
until game.Players.LocalPlayer
local a = "https://raw.githubusercontent.com/"
local b = "xSync-gg/Source/main/V3%20Ui"
local a = a .. b
local a = loadstring(game:HttpGet(a))()
local a = a:Window("Blox Fruit")
local Main = a:Tab("Main", "rbxassetid://15712703260")
local Set = a:Tab("Setting", "rbxassetid://15712711639")
local Farm = a:Tab("Other Farm", "rbxassetid://15712717270")
local Stats = a:Tab("Stats", "rbxassetid://15712723981")
local Tele = a:Tab("Teleport", "rbxassetid://15712738876")
local Player = a:Tab("Player", "rbxassetid://15712750195")
local Fruit = a:Tab("Devil Fruit", "rbxassetid://15712758182")
local Raid = a:Tab("Raid", "rbxassetid://15712763124")
local Shop = a:Tab("Shop", "rbxassetid://15712767144")
local Misc = a:Tab("Misc", "rbxassetid://15712771666")
local Race = a:Tab("Race V4", "rbxassetid://15712776421")
local Event = a:Tab("Event", "rbxassetid://15806749681")
----------------------------------------------------------------------------------------------------------------------------Function
assert(getrawmetatable)
    grm = getrawmetatable(game)
    setreadonly(grm, false)
    old = grm.__namecall
    grm.__namecall = newcclosure(function(self, ...)
    local args = {...}
    if tostring(args[1]) == "TeleportDetect" then
        return
    elseif tostring(args[1]) == "CHECKER_1" then
        return
    elseif tostring(args[1]) == "CHECKER" then
        return
    elseif tostring(args[1]) == "GUI_CHECK" then
        return
    elseif tostring(args[1]) == "OneMoreTime" then
        return
    elseif tostring(args[1]) == "checkingSPEED" then
        return
    elseif tostring(args[1]) == "BANREMOTE" then
        return
    elseif tostring(args[1]) == "PERMAIDBAN" then
        return
    elseif tostring(args[1]) == "KICKREMOTE" then
        return
    elseif tostring(args[1]) == "BR_KICKPC" then
        return
    elseif tostring(args[1]) == "BR_KICKMOBILE" then
        return
    end
    return old(self, ...)
end)

getgenv().A = require(game:GetService("ReplicatedStorage").CombatFramework.RigLib).wrapAttackAnimationAsync
getgenv().B = require(game.Players.LocalPlayer.PlayerScripts.CombatFramework.Particle).play
_G.setfflag = true
spawn(function()
    while wait() do
        if _G.setfflag then
            setfflag("AbuseReportScreenshot", "False")
            setfflag("AbuseReportScreenshotPercentage", "0")
        end
    end
end)

_G.SafeFarm = true
spawn(function()
    while wait() do
        if _G.SafeFarm then
            for i, v in pairs(game:GetService("Players").LocalPlayer.Character:GetDescendants()) do
                if v:IsA("LocalScript") then
                    if
                        v.Name == "General" or v.Name == "Shiftlock" or v.Name == "FallDamage" or v.Name == "4444" or
                        v.Name == "CamBob" or
                        v.Name == "JumpCD" or
                        v.Name == "Looking" or
                        v.Name == "Run"
                    then
                        v:Destroy()
                    end
                end
            end
            for i, v in pairs(game:GetService("Players").LocalPlayer.PlayerScripts:GetDescendants()) do
                if v:IsA("LocalScript") then
                    if
                        v.Name == "RobloxMotor6DBugFix" or v.Name == "Clans" or v.Name == "Codes" or
                        v.Name == "CustomForceField" or
                        v.Name == "MenuBloodSp" or
                        v.Name == "PlayerList"
                    then
                        v:Destroy()
                    end
                end
            end
        else
            game.Players.LocalPlayer:Kick("Please don't turn off safe farm if you don't want to get banned")
        end
    end
end)

spawn(function()
    pcall(function()
        hookfunction(print, function(...)
            game.Players.LocalPlayer:Kick("Tuổi lồn nhé")
            game:Shutdown()
            while true do end
            return
        end)
        hookfunction(warn, function(...)
            game.Players.LocalPlayer:Kick("Tuổi lồn nhé")
            game:Shutdown()
            while true do end
            return
        end)
        hookfunction(error, function(...)
            game.Players.LocalPlayer:Kick("Anti Http Spy")
            game:Shutdown()
            while true do end
            return
        end)
        hookfunction(print, function(a)
            if string.find(a:lower(), "http") then
                game.Players.LocalPlayer:Kick("Tuổi lồn nhé")
                game:Shutdown()
                while true do end
            end
        end)
        hookfunction(warn, function(a)
            if string.find(a:lower(), "http") then
                game.Players.LocalPlayer:Kick("Tuổi lồn nhé")
                game:Shutdown()
                while true do end
            end
        end)
        hookfunction(error, function(a)
            if string.find(a:lower(), "http") then
                game.Players.LocalPlayer:Kick("Tuổi lồn nhé")
                game:Shutdown()
                while true do end
            end
        end)
        local oldwrite
        oldwrite = hookfunction(writefile, function(file, content)
            if(string.find(string.lower(content), 'http') or string.find(string.lower(content), '//') or string.find(string.lower(content), 'https://discord.com/api/webhooks/')) then
                game.Players.LocalPlayer:Kick("Tuổi lồn nhé")
                game:Shutdown()
                while true do end
                return
            end
        
            return oldwrite(file, content)
        end)
        local oldappend
        oldappend = hookfunction(appendfile, function(file, content)
            if(string.find(string.lower(content), 'http') or string.find(string.lower(content), '//') or string.find(string.lower(content), 'https://discord.com/api/webhooks/')) then
                game.Players.LocalPlayer:Kick("Tuổi lồn nhé")
                game:Shutdown()
                while true do end
                return
            end
            return oldappend(file, content)
        end)
        game.DescendantAdded:Connect(function(c)
            if c and c:IsA('TextLabel') or c:IsA('TextButton') or c:IsA('Message') then
                if string.find(string.lower(c.Text), 'http') then
                    game.Players.LocalPlayer:Kick("Tuổi lồn nhé")
                    game:Shutdown()
                    while true do end
                    c:Destroy()
                end
            end
        end)
        getgenv().rconsoletitle = nil
        getgenv().rconsoleprint = nil
        getgenv().rconsolewarn = nil
        getgenv().rconsoleinfo = nil
        getgenv().rconsolerr = nil
        getgenv().clonefunction = function(...) while true do end return end
        game.CoreGui.ChildAdded:Connect(function(c)
            if(string.lower(c.Name) == 'devconsolemaster') then
                game.Players.LocalPlayer:Kick("Tuổi lồn nhé")
                game:Shutdown()
                while true do end
                c:Destroy()
            end
        end)
        local oldNamecall
        oldNamecall = hookmetamethod(game, '__namecall', newcclosure(function(self, ...)
            local method = getnamecallmethod()
            if(string.lower(method) == 'rconsoleprint') then
                game.Players.LocalPlayer:Kick("Tuổi lồn nhé")
                game:Shutdown()
                while true do end
                return 
            end
            if(string.lower(method) == 'rconsoleinfo') then
                game.Players.LocalPlayer:Kick("Tuổi lồn nhé")
                game:Shutdown()
                while true do end
                return 
            end
            if(string.lower(method) == 'rconsolewarn') then
                game.Players.LocalPlayer:Kick("Tuổi lồn nhé")
                game:Shutdown()
                while true do end
                return 
            end
            if(string.lower(method) == 'rconsoleerr') then
                game.Players.LocalPlayer:Kick("Tuổi lồn nhé")
                game:Shutdown()
                while true do end
                return
            end
            if(string.lower(method) == 'warn') then
                game.Players.LocalPlayer:Kick("Tuổi lồn nhé")
                game:Shutdown()
                while true do end
                return
            end
            if(string.lower(method) == 'error') then
                game.Players.LocalPlayer:Kick("Tuổi lồn nhé")
                game:Shutdown()
                while true do end
                return
            end
            if(string.lower(method) == 'rendernametag') then
                game.Players.LocalPlayer:Kick("Tuổi lồn nhé")
                game:Shutdown()
                while true do end
                return 
            end
            return oldNamecall(self, ...)
        end))
    end)
end)

if game.PlaceId == 2753915549 then
    W1 = true
    World1 = true
elseif game.PlaceId == 4442272183 then
    W2 = true
    World2 = true
elseif game.PlaceId == 7449423635 then
    W3 = true
    World3 = true
end

if game:IsLoaded() then
    pcall(function()
        repeat wait()
            game:GetService("ReplicatedStorage").Effect.Container.Respawn:Destroy()
            game:GetService("ReplicatedStorage").Effect.Container.Death:Destroy()
        until not game:GetService("ReplicatedStorage").Effect.Container:FindFirstChild("Death") or not game:GetService("ReplicatedStorage").Effect.Container:FindFirstChild("Respawn")
    end)
end

_G.DisDieffect  = true
spawn(function()
while  _G.DisDieffect do wait()
    for i, v in pairs(game:GetService("Workspace")["_WorldOrigin"]:GetChildren()) do
            pcall(function()
                if v.Name == "CurvedRing" or v.Name == "SlashHit" or v.Name == "SwordSlash" then
                    v:Destroy()
                end
            end)
        end
    end
end)

local CombatFramework = require(game:GetService("Players").LocalPlayer.PlayerScripts:WaitForChild("CombatFramework"))
local CombatFrameworkR = getupvalues(CombatFramework)[2]
local RigController = require(game:GetService("Players")["LocalPlayer"].PlayerScripts.CombatFramework.RigController)
local RigControllerR = getupvalues(RigController)[2]

function CurrentWeapon()
    local ac = CombatFrameworkR.activeController
    local ret = ac.blades[1]
    if not ret then return game.Players.LocalPlayer.Character:FindFirstChildOfClass("Tool").Name end
    pcall(function()
        while ret.Parent~=game.Players.LocalPlayer.Character do ret=ret.Parent end
    end)
    if not ret then return game.Players.LocalPlayer.Character:FindFirstChildOfClass("Tool").Name end
    return ret
end

function getAllBladeHitsPlayers(Sizes)
    local Hits = {}
    local Client = game.Players.LocalPlayer
    local Characters = game:GetService("Workspace").Characters:GetChildren()
    for i=1,#Characters do local v = Characters[i]
        local Human = v:FindFirstChildOfClass("Humanoid")
        if v.Name ~= game.Players.LocalPlayer.Name and Human and Human.RootPart and Human.Health > 0 and Client:DistanceFromCharacter(Human.RootPart.Position) < Sizes+5 then
            table.insert(Hits,Human.RootPart)
        end
    end
    return Hits
end

function getAllBladeHits(Sizes)
    local Hits = {}
    local Client = game.Players.LocalPlayer
    local Enemies = game:GetService("Workspace").Enemies:GetChildren()
    for i=1,#Enemies do local v = Enemies[i]
        local Human = v:FindFirstChildOfClass("Humanoid")
        if Human and Human.RootPart and Human.Health > 0 and Client:DistanceFromCharacter(Human.RootPart.Position) < Sizes+5 then
            table.insert(Hits,Human.RootPart)
        end
    end
    return Hits
end

function DamageAura()
    local ac = CombatFrameworkR.activeController
    if ac and ac.equipped then
        for indexincrement = 1, 1 do
            local bladehit = getAllBladeHits(150) local a = getAllBladeHitsPlayers(150)
            if #bladehit or #a > 0 then
                local AcAttack8 = debug.getupvalue(ac.attack, 5)
                local AcAttack9 = debug.getupvalue(ac.attack, 6)
                local AcAttack7 = debug.getupvalue(ac.attack, 4)
                local AcAttack10 = debug.getupvalue(ac.attack, 7)
                local NumberAc12 = (AcAttack8 * 798405 + AcAttack7 * 727595) % AcAttack9
                local NumberAc13 = AcAttack7 * 798405
                (function()
                    NumberAc12 = (NumberAc12 * AcAttack9 + NumberAc13) % 1099511627776
                    AcAttack8 = math.floor(NumberAc12 / AcAttack9)
                    AcAttack7 = NumberAc12 - AcAttack8 * AcAttack9
                end)()
                AcAttack10 = AcAttack10 + 1
                debug.setupvalue(ac.attack, 5, AcAttack8)
                debug.setupvalue(ac.attack, 6, AcAttack9)
                debug.setupvalue(ac.attack, 4, AcAttack7)
                debug.setupvalue(ac.attack, 7, AcAttack10)
                for k, v in pairs(ac.animator.anims.basic) do
                    v:Play(0.01,0.01,0.01)
                end                 
                if game.Players.LocalPlayer.Character:FindFirstChildOfClass("Tool") and ac.blades and ac.blades[1] then 
                    game:GetService("ReplicatedStorage").RigControllerEvent:FireServer("weaponChange",tostring(CurrentWeapon()))
                    game.ReplicatedStorage.Remotes.Validator:FireServer(math.floor(NumberAc12 / 1099511627776 * 16777215), AcAttack10)
                    game:GetService("ReplicatedStorage").RigControllerEvent:FireServer("hit", bladehit, indexincrement, "") 
                end
            end
        end
    end
end

function AttackFunction()
    local ac = CombatFrameworkR.activeController
    if ac and ac.equipped then
        for indexincrement = 1, 1 do
            local bladehit = getAllBladeHits(60)
            if #bladehit > 0 then
                local AcAttack8 = debug.getupvalue(ac.attack, 5)
                local AcAttack9 = debug.getupvalue(ac.attack, 6)
                local AcAttack7 = debug.getupvalue(ac.attack, 4)
                local AcAttack10 = debug.getupvalue(ac.attack, 7)
                local NumberAc12 = (AcAttack8 * 798405 + AcAttack7 * 727595) % AcAttack9
                local NumberAc13 = AcAttack7 * 798405
                (function()
                    NumberAc12 = (NumberAc12 * AcAttack9 + NumberAc13) % 1099511627776
                    AcAttack8 = math.floor(NumberAc12 / AcAttack9)
                    AcAttack7 = NumberAc12 - AcAttack8 * AcAttack9
                end)()
                AcAttack10 = AcAttack10 + 1 
                debug.setupvalue(ac.attack, 5, AcAttack8)
                debug.setupvalue(ac.attack, 6, AcAttack9)
                debug.setupvalue(ac.attack, 4, AcAttack7)
                debug.setupvalue(ac.attack, 7, AcAttack10)
                for k, v in pairs(ac.animator.anims.basic) do
                    v:Play(0.01,0.01,0.01)
                end                 
                if game.Players.LocalPlayer.Character:FindFirstChildOfClass("Tool") and ac.blades and ac.blades[1] then 
                    game:GetService("ReplicatedStorage").RigControllerEvent:FireServer("weaponChange",tostring(CurrentWeapon()))
                    game.ReplicatedStorage.Remotes.Validator:FireServer(math.floor(NumberAc12 / 1099511627776 * 16777215), AcAttack10)
                    game:GetService("ReplicatedStorage").RigControllerEvent:FireServer("hit", bladehit, indexincrement, "")
                end
            end
        end
    end
end

repeat wait(0) until game:IsLoaded()
if game:GetService("Players").LocalPlayer.PlayerGui.Main:FindFirstChild("ChooseTeam")  then
    repeat wait()
        if game:GetService("Players").LocalPlayer.PlayerGui:WaitForChild("Main").ChooseTeam.Visible == true then
            if _G.Team == "Pirate" then
                for i, v in pairs(getconnections(game:GetService("Players").LocalPlayer.PlayerGui.Main.ChooseTeam.Container.Pirates.Frame.TextButton.Activated)) do                                                                                                
                    v.Function()
                end
            elseif _G.Team == "Marine" then
                for i, v in pairs(getconnections(game:GetService("Players").LocalPlayer.PlayerGui.Main.ChooseTeam.Container.Marines.Frame.TextButton.Activated)) do                                                                                                
                    v.Function()
                end
            else
                for i, v in pairs(getconnections(game:GetService("Players").LocalPlayer.PlayerGui.Main.ChooseTeam.Container.Pirates.Frame.TextButton.Activated)) do                                                                                                
                    v.Function()
                end
            end
        end
    until game.Players.LocalPlayer.Team ~= nil and game:IsLoaded()
end

function two(gotoCFrame)
    pcall(function()
        game.Players.LocalPlayer.Character.Humanoid.Sit = false
        game.Players.LocalPlayer.Character.HumanoidRootPart.Anchored = false
    end)
    if (game:GetService("Players")["LocalPlayer"].Character.HumanoidRootPart.Position - gotoCFrame.Position).Magnitude <= 200 then
        pcall(function() 
            tweenz:Cancel()
        end)
        game:GetService("Players")["LocalPlayer"].Character.HumanoidRootPart.CFrame = gotoCFrame
    else
        local tween_s = game:service"TweenService"
        local info = TweenInfo.new((game:GetService("Players")["LocalPlayer"].Character.HumanoidRootPart.Position - gotoCFrame.Position).Magnitude/325, Enum.EasingStyle.Linear)
        tween, err = pcall(function()
            tweenz = tween_s:Create(game.Players.LocalPlayer.Character["HumanoidRootPart"], info, {CFrame = gotoCFrame})
            tweenz:Play()
        end)
        if not tween then return err end
    end
    function _TweenCanCle()
        tweenz:Cancel()
    end
end

local EnemySpawns = Instance.new("Folder",workspace)
EnemySpawns.Name = "EnemySpawns"
for i, v in pairs(workspace._WorldOrigin.EnemySpawns:GetChildren()) do
    if v:IsA("Part") then
        local EnemySpawnsX2 = v:Clone()
        local result = string.gsub(v.Name, "Lv. ", "")
        local result2 = string.gsub(result, "[%[%]]", "")
        local result3 = string.gsub(result2, "%d+", "")
        local result4 = string.gsub(result3, "%s+", "")
        EnemySpawnsX2.Name = result4
        EnemySpawnsX2.Parent = workspace.EnemySpawns
        EnemySpawnsX2.Anchored = true
    end
end
for i, v in pairs(game:GetService("Workspace").Enemies:GetChildren()) do
    if v:IsA("Model") and v:FindFirstChild("HumanoidRootPart") then
        local EnemySpawnsX2 = v.HumanoidRootPart:Clone()
        local result = string.gsub(v.Name, "Lv. ", "")
        local result2 = string.gsub(result, "[%[%]]", "")
        local result3 = string.gsub(result2, "%d+", "")
        local result4 = string.gsub(result3, "%s+", "")
    
        EnemySpawnsX2.Name = result4
        EnemySpawnsX2.Parent = workspace.EnemySpawns
        EnemySpawnsX2.Anchored = true
    end
end
for i, v in pairs(game.ReplicatedStorage:GetChildren()) do
    if v:IsA("Model") and v:FindFirstChild("HumanoidRootPart") then
        local EnemySpawnsX2 = v.HumanoidRootPart:Clone()
        local result = string.gsub(v.Name, "Lv. ", "")
        local result2 = string.gsub(result, "[%[%]]", "")
        local result3 = string.gsub(result2, "%d+", "")
        local result4 = string.gsub(result3, "%s+", "")
    
        EnemySpawnsX2.Name = result4
        EnemySpawnsX2.Parent = workspace.EnemySpawns
        EnemySpawnsX2.Anchored = true
    end
end
local UserInputService = game:GetService("UserInputService")
local VirtualInputManager = game:GetService("VirtualInputManager")
local TweenService = game:GetService("TweenService")
local tween = game:service"TweenService"
local RunService = game:GetService("RunService")
local LocalPlayer = game:GetService("Players").LocalPlayer
local Mouse = LocalPlayer:GetMouse()
local GuiService = game:GetService("GuiService")
local DamageModule = require(game:GetService("ReplicatedStorage").Effect.Container.Misc.Damage)
local old = DamageModule.Run
getgenv().FakeDamage = function(Damage)
DamageModule.Run = function(...)
    args = {...}
    if Damage then
        args[1]['Value'] = tostring(Damage)
    end
    return old(unpack(args)) end
end

local id = game.PlaceId
if id == 2753915549 then
    World1 = true
elseif id == 4442272183 then
    World2 = true
elseif id == 7449423635 then
    World3 = true
else
    game:Shutdown()
end

function GetMaterial(matname)
    for i, v in pairs(game:GetService("ReplicatedStorage").Remotes.CommF_:InvokeServer("getInventory")) do
        if type(v) == "table" then
            if v.Type == "Material" then
                if v.Name == matname then
                    return v.Count
                end
            end
        end
    end
    return 0
end

local AllMaterial
if World1 then
    AllMaterial = {
    "Magma Ore",
    "Leather",
    "Scrap Metal",
    "Angel Wings",
    "Fish Tail"
    }
elseif World2 then
    AllMaterial = {
    "Magma Ore",
    "Scrap Metal",
    "Radioactive Material",
    "Vampire Fang",
    "Mystic Droplet",
    }
elseif World3 then
    AllMaterial = {
    "Mini Tusk",
    "Fish Tail",
    "Scrap Metal",
    "Dragon Scale",
    "Conjured Cocoa",
    "Demonic Wisp",
    "Gunpowder",
    }
end
table.sort(AllMaterial)

local function CustomFindFirstChild(tablename)
    for i, v in pairs(tablename) do
        if game:GetService("Workspace").Enemies:FindFirstChild(v) then
            return true end
        end
    return false
end

local function CheckMaterial(v1)
    if World1 then
        if (v1 == "Magma Ore") then
            MaterialMob = { "Military Soldier", "Military Spy" }
            CFrameMon = CFrame.new(-5815, 84, 8820)
        elseif ((v1 == "Leather") or (v1 == "Scrap Metal")) then
            MaterialMob = { "Brute"}
            CFrameMon = CFrame.new(-1145, 15, 4350)
        elseif (v1 == "Angel Wings") then
            MaterialMob = { "God's Guard"}
            CFrameMon = CFrame.new(-4698, 845, -1912)
        elseif (v1 == "Fish Tail") then
            MaterialMob = { "Fishman Warrior", "Fishman Commando" }
            CFrameMon = CFrame.new(61123, 19, 1569)
        end
    end
    if World2 then
        if (v1 == "Magma Ore") then
            MaterialMob = { "Magma Ninja" }
            CFrameMon = CFrame.new(-5428, 78, -5959)
        elseif (v1 == "Scrap Metal") then
            MaterialMob = { "Swan Pirate" }
            CFrameMon = CFrame.new(878, 122, 1235)
        elseif (v1 == "Radioactive Material") then
            MaterialMob = { "Factory Staff" }
            CFrameMon = CFrame.new(295, 73, -56)
        elseif (v1 == "Vampire Fang") then
            MaterialMob = { "Vampire" }
            CFrameMon = CFrame.new(-6033, 7, -1317)
        elseif (v1 == "Mystic Droplet") then
            MaterialMob = { "Water Fighter", "Sea Soldier" }
            CFrameMon = CFrame.new(-3385, 239, -10542)
        end
    end
    if World3 then
        if (v1 == "Mini Tusk") then
            MaterialMob = { "Mythological Pirate" }
            CFrameMon = CFrame.new(-13545, 470, -6917)
        elseif (v1 == "Fish Tail") then
            MaterialMob = { "Fishman Raider", "Fishman Captain" }
            CFrameMon = CFrame.new(-10993, 332, -8940)
        elseif (v1 == "Scrap Metal") then
            MaterialMob = { "Jungle Pirate" }
            CFrameMon = CFrame.new(-12107, 332, -10549)
        elseif (v1 == "Dragon Scale") then
            MaterialMob = { "Dragon Crew Archer", "Dragon Crew Warrior" }
            CFrameMon = CFrame.new(6594, 383, 139)
        elseif (v1 == "Conjured Cocoa") then
            MaterialMob = { "Cocoa Warrior", "Chocolate Bar Battler", "Sweet Thief",
                "Candy Rebel" }
            CFrameMon = CFrame.new(620.6344604492188, 78.93644714355469, -12581.369140625)
        elseif (v1 == "Demonic Wisp") then
            MaterialMob = { "Demonic Soul" }
            CFrameMon = CFrame.new(-9507, 172, 6158)
        elseif (v1 == "Gunpowder") then
            MaterialMob = { "Pistol Billionaire" }
            CFrameMon = CFrame.new(-469, 74, 5904)
        end
    end
end

local function QuestCheck()
    local Lvl = game:GetService("Players").LocalPlayer.Data.Level.Value
    if Lvl >= 1 and Lvl <= 9 then
        if tostring(game.Players.LocalPlayer.Team) == "Marines" then
            MobName = "Trainee [Lv. 5]"
            QuestName = "MarineQuest"
            QuestLevel = 1
            Mon = "Trainee"
            NPCPosition = CFrame.new(-2709.67944, 24.5206585, 2104.24585, -0.744724929, -3.97967455e-08, -0.667371571, 4.32403588e-08, 1, -1.07884304e-07, 0.667371571, -1.09201515e-07, -0.744724929)
        elseif tostring(game.Players.LocalPlayer.Team) == "Pirates" then
            MobName = "Bandit [Lv. 5]"
            Mon = "Bandit"
            QuestName = "BanditQuest1"
            QuestLevel = 1
            NPCPosition = CFrame.new(1059.99731, 16.9222069, 1549.28162, -0.95466274, 7.29721794e-09, 0.297689587, 1.05190106e-08, 1, 9.22064114e-09, -0.297689587, 1.19340022e-08, -0.95466274)
        end
        return {
            [1] = QuestLevel,
            [2] = NPCPosition,
            [3] = MobName,
            [4] = QuestName,
            [5] = LevelRequire,
            [6] = Mon,
            [7] = MobCFrame
        }
    end
    if Lvl >= 210 and Lvl <= 249 then
        MobName = "Dangerous Prisoner [Lv. 210]"
        QuestName = "PrisonerQuest"
        QuestLevel = 2
        Mon = "Dangerous Prisoner"
        NPCPosition = CFrame.new(5308.93115, 1.65517521, 475.120514, -0.0894274712, -5.00292918e-09, -0.995993316, 1.60817859e-09, 1, -5.16744869e-09, 0.995993316, -2.06384709e-09, -0.0894274712)
        local matchingCFrames = {}
        local result = string.gsub(MobName, "Lv. ", "")
        local result2 = string.gsub(result, "[%[%]]", "")
        local result3 = string.gsub(result2, "%d+", "")
        local result4 = string.gsub(result3, "%s+", "")
        for i,v in pairs(game.workspace.EnemySpawns:GetChildren()) do
            if v.Name == result4 then
                table.insert(matchingCFrames, v.CFrame)
            end
            MobCFrame = matchingCFrames
        end
        return {
            [1] = QuestLevel,
            [2] = NPCPosition,
            [3] = MobName,
            [4] = QuestName,
            [5] = LevelRequire,
            [6] = Mon,
            [7] = MobCFrame
        }
    end
    local GuideModule = require(game:GetService("ReplicatedStorage").GuideModule)
    local Quests = require(game:GetService("ReplicatedStorage").Quests)
    for i,v in pairs(GuideModule["Data"]["NPCList"]) do
        for i1,v1 in pairs(v["Levels"]) do
            if Lvl >= v1 then
                if not LevelRequire then
                    LevelRequire = 0
                end
                if v1 > LevelRequire then
                    NPCPosition = i["CFrame"]
                    QuestLevel = i1
                    LevelRequire = v1
                end
                if #v["Levels"] == 3 and QuestLevel == 3 then
                    NPCPosition = i["CFrame"]
                    QuestLevel = 2
                    LevelRequire = v["Levels"][2]
                end
            end
        end
    end
    if Lvl >= 375 and Lvl <= 399 then -- Fishman Warrior
        if _G.Auto_Farm_Level and (NPCPosition.Position - game.Players.LocalPlayer.Character.HumanoidRootPart.Position).Magnitude > 3000 then
            game:GetService("ReplicatedStorage").Remotes.CommF_:InvokeServer("requestEntrance",Vector3.new(61163.8515625, 11.6796875, 1819.7841796875))
        end
    end
    if Lvl >= 400 and Lvl <= 449 then -- Fishman Commando
        if _G.Auto_Farm_Level and (NPCPosition.Position - game.Players.LocalPlayer.Character.HumanoidRootPart.Position).Magnitude > 3000 then
            game:GetService("ReplicatedStorage").Remotes.CommF_:InvokeServer("requestEntrance",Vector3.new(61163.8515625, 11.6796875, 1819.7841796875))
        end
    end
    for i,v in pairs(Quests) do
        for i1,v1 in pairs(v) do
            if v1["LevelReq"] == LevelRequire and i ~= "CitizenQuest" then
                QuestName = i
                for i2,v2 in pairs(v1["Task"]) do
                    MobName = i2
                    Mon = string.split(i2," [Lv. ".. v1["LevelReq"] .. "]")[1]
                end
            end
        end
    end
    if QuestName == "MarineQuest2" then
        QuestName = "MarineQuest2"
        QuestLevel = 1
        MobName = "Chief Petty Officer [Lv. 120]"
        Mon = "Chief Petty Officer"
        LevelRequire = 120
    elseif QuestName == "ImpelQuest" then
        QuestName = "PrisonerQuest"
        QuestLevel = 2
        MobName = "Dangerous Prisoner [Lv. 190]"
        Mon = "Dangerous Prisoner"
        LevelRequire = 210
        NPCPosition = CFrame.new(5310.60547, 0.350014925, 474.946594, 0.0175017118, 0, 0.999846935, 0, 1, 0, -0.999846935, 0, 0.0175017118)
    elseif QuestName == "SkyExp1Quest" then
        if QuestLevel == 1 then
            NPCPosition = CFrame.new(-4721.88867, 843.874695, -1949.96643, 0.996191859, -0, -0.0871884301, 0, 1, -0, 0.0871884301, 0, 0.996191859)
        elseif QuestLevel == 2 then
            NPCPosition = CFrame.new(-7859.09814, 5544.19043, -381.476196, -0.422592998, 0, 0.906319618, 0, 1, 0, -0.906319618, 0, -0.422592998)
        end
    elseif QuestName == "Area2Quest" and QuestLevel == 2 then
        QuestName = "Area2Quest"
        QuestLevel = 1
        MobName = "Swan Pirate [Lv. 775]"
        Mon = "Swan Pirate"
        LevelRequire = 775
    end
    MobName = MobName:sub(1,#MobName)
    if not MobName:find("Lv") then
        for i,v in pairs(game:GetService("Workspace").Enemies:GetChildren()) do
            MonLV = string.match(v.Name, "%d+")
            if v.Name:find(MobName) and #v.Name > #MobName and tonumber(MonLV) <= Lvl + 50 then
                MobName = v.Name
            end
        end
    end
    if not MobName:find("Lv") then
        for i,v in pairs(game:GetService("ReplicatedStorage"):GetChildren()) do
            MonLV = string.match(v.Name, "%d+")
            if v.Name:find(MobName) and #v.Name > #MobName and tonumber(MonLV) <= Lvl + 50 then
                MobName = v.Name
                Mon = a
            end
        end
    end
    local matchingCFrames = {}
    local result = string.gsub(MobName, "Lv. ", "")
    local result2 = string.gsub(result, "[%[%]]", "")
    local result3 = string.gsub(result2, "%d+", "")
    local result4 = string.gsub(result3, "%s+", "") 
    for i,v in pairs(game.workspace.EnemySpawns:GetChildren()) do
        if v.Name == result4 then
            table.insert(matchingCFrames, v.CFrame)
        else
            table.insert(matchingCFrames, nil)
        end
        MobCFrame = matchingCFrames
    end
    return {
        [1] = QuestLevel,
        [2] = NPCPosition,
        [3] = MobName,
        [4] = QuestName,
        [5] = LevelRequire,
        [6] = Mon,
        [7] = MobCFrame,
        [8] = MonQ,
        [9] = MobCFrameNuber
    }
end

function CheckBossQuest()
    if _G.Settings.Select_Boss == "Saber Expert" then 
        MsBoss = "Saber Expert"
        NameBoss = "Saber Expert"
        CFrameBoss = CFrame.new(-1458.89502, 29.8870335, -50.633564, 0.858821094, 1.13848939e-08, 0.512275636, -4.85649254e-09, 1, -1.40823326e-08, -0.512275636, 9.6063415e-09, 0.858821094)
    elseif _G.Settings.Select_Boss == "The Saw" then 
        MsBoss = "The Saw"
        NameBoss = "The Saw"
        CFrameBoss = CFrame.new(-683.519897, 13.8534927, 1610.87854, -0.290192783, 6.88365773e-08, 0.956968188, 6.98413629e-08, 1, -5.07531119e-08, -0.956968188, 5.21077759e-08, -0.290192783)
    elseif _G.Settings.Select_Boss == "Greybeard" then
        MsBoss = "Greybeard"
        NameBoss = "Greybeard"
        CFrameBoss = CFrame.new(-4955.72949, 80.8163834, 4305.82666, -0.433646321, -1.03394289e-08, 0.901083171, -3.0443168e-08, 1, -3.17633075e-09, -0.901083171, -2.88092288e-08, -0.433646321)
    elseif _G.Settings.Select_Boss == "The Gorilla King" then
        MsBoss = "The Gorilla King"
        NameBoss = "The Gorilla King"
        NameQuestBoss = "JungleQuest"
        LevelQuestBoss = 3
        CFrameQuestBoss = CFrame.new(-1604.12012, 36.8521118, 154.23732, 0.0648873374, -4.70858913e-06, -0.997892559, 1.41431883e-07, 1, -4.70933674e-06, 0.997892559, 1.64442184e-07, 0.0648873374)
        CFrameBoss = CFrame.new(-1223.52808, 6.27936459, -502.292664, 0.310949147, -5.66602516e-08, 0.950426519, -3.37275488e-08, 1, 7.06501808e-08, -0.950426519, -5.40241736e-08, 0.310949147)
    elseif _G.Settings.Select_Boss == "Bobby" then
        MsBoss = "Bobby"
        NameBoss = "Bobby"
        NameQuestBoss = "BuggyQuest1"
        LevelQuestBoss = 3
        CFrameQuestBoss = CFrame.new(-1139.59717, 4.75205183, 3825.16211, -0.959730506, -7.5857054e-09, 0.280922383, -4.06310328e-08, 1, -1.11807175e-07, -0.280922383, -1.18718916e-07, -0.959730506)
        CFrameBoss = CFrame.new(-1147.65173, 32.5966301, 4156.02588, 0.956680477, -1.77109952e-10, -0.29113996, 5.16530874e-10, 1, 1.08897802e-09, 0.29113996, -1.19218679e-09, 0.956680477)
    elseif _G.Settings.Select_Boss == "Yeti" then
        MsBoss = "Yeti"
        NameBoss = "Yeti"
        NameQuestBoss = "SnowQuest"
        LevelQuestBoss = 3
        CFrameQuestBoss = CFrame.new(1384.90247, 87.3078308, -1296.6825, 0.280209213, 2.72035177e-08, -0.959938943, -6.75690828e-08, 1, 8.6151708e-09, 0.959938943, 6.24481444e-08, 0.280209213)
        CFrameBoss = CFrame.new(1221.7356, 138.046906, -1488.84082, 0.349343032, -9.49245944e-08, 0.936994851, 6.29478194e-08, 1, 7.7838429e-08, -0.936994851, 3.17894653e-08, 0.349343032)
    elseif _G.Settings.Select_Boss == "Mob Leader" then
        MsBoss = "Mob Leader"
        NameBoss = "Mob Leader"
        CFrameBoss = CFrame.new(-2848.59399, 7.4272871, 5342.44043, -0.928248107, -8.7248246e-08, 0.371961564, -7.61816636e-08, 1, 4.44474857e-08, -0.371961564, 1.29216433e-08, -0.92824)
    elseif _G.Settings.Select_Boss == "Vice Admiral" then
        MsBoss = "Vice Admiral"
        NameBoss = "Vice Admiral"
        NameQuestBoss = "MarineQuest2"
        LevelQuestBoss = 2
        CFrameQuestBoss = CFrame.new(-5035.42285, 28.6520386, 4324.50293, -0.0611100644, -8.08395768e-08, 0.998130739, -1.57416586e-08, 1, 8.00271849e-08, -0.998130739, -1.08217701e-08, -0.0611100644)
        CFrameBoss = CFrame.new(-5078.45898, 99.6520691, 4402.1665, -0.555574954, -9.88630566e-11, 0.831466436, -6.35508286e-08, 1, -4.23449258e-08, -0.831466436, -7.63661632e-08, -0.555574954)
    elseif _G.Settings.Select_Boss == "Warden" then
        MsBoss = "Warden"
        NameBoss = "Warden"
        NameQuestBoss = "ImpelQuest"
        LevelQuestBoss = 1
        CFrameQuestBoss = CFrame.new(4851.35059, 5.68744135, 743.251282, -0.538484037, -6.68303741e-08, -0.842635691, 1.38001752e-08, 1, -8.81300792e-08, 0.842635691, -5.90851599e-08, -0.538484037)
        CFrameBoss = CFrame.new(5232.5625, 5.26856995, 747.506897, 0.943829298, -4.5439414e-08, 0.330433697, 3.47818627e-08, 1, 3.81658154e-08, -0.330433697, -2.45289105e-08, 0.943829298)
    elseif _G.Settings.Select_Boss == "Chief Warden" then
        MsBoss = "Chief Warden"
        NameBoss = "Chief Warden"
        NameQuestBoss = "ImpelQuest"
        LevelQuestBoss = 2
        CFrameQuestBoss = CFrame.new(4851.35059, 5.68744135, 743.251282, -0.538484037, -6.68303741e-08, -0.842635691, 1.38001752e-08, 1, -8.81300792e-08, 0.842635691, -5.90851599e-08, -0.538484037)
        CFrameBoss = CFrame.new(5232.5625, 5.26856995, 747.506897, 0.943829298, -4.5439414e-08, 0.330433697, 3.47818627e-08, 1, 3.81658154e-08, -0.330433697, -2.45289105e-08, 0.943829298)
    elseif _G.Settings.Select_Boss == "Swan" then
        MsBoss = "Swan"
        NameBoss = "Swan"
        NameQuestBoss = "ImpelQuest"
        LevelQuestBoss = 3
        CFrameQuestBoss = CFrame.new(4851.35059, 5.68744135, 743.251282, -0.538484037, -6.68303741e-08, -0.842635691, 1.38001752e-08, 1, -8.81300792e-08, 0.842635691, -5.90851599e-08, -0.538484037)
        CFrameBoss = CFrame.new(5232.5625, 5.26856995, 747.506897, 0.943829298, -4.5439414e-08, 0.330433697, 3.47818627e-08, 1, 3.81658154e-08, -0.330433697, -2.45289105e-08, 0.943829298)
    elseif _G.Settings.Select_Boss == "Magma Admiral" then
        MsBoss = "Magma Admiral"
        NameBoss = "Magma Admiral"
        NameQuestBoss = "MagmaQuest"
        LevelQuestBoss = 3
        CFrameQuestBoss = CFrame.new(-5317.07666, 12.2721891, 8517.41699, 0.51175487, -2.65508806e-08, -0.859131515, -3.91131572e-08, 1, -5.42026761e-08, 0.859131515, 6.13418294e-08, 0.51175487)
        CFrameBoss = CFrame.new(-5530.12646, 22.8769703, 8859.91309, 0.857838571, 2.23414389e-08, 0.513919294, 1.53689133e-08, 1, -6.91265853e-08, -0.513919294, 6.71978384e-08, 0.857838571)
    elseif _G.Settings.Select_Boss == "Fishman Lord" then
        MsBoss = "Fishman Lord"
        NameBoss = "Fishman Lord"
        NameQuestBoss = "FishmanQuest"
        LevelQuestBoss = 3
        CFrameQuestBoss = CFrame.new(61123.0859, 18.5066795, 1570.18018, 0.927145958, 1.0624845e-07, 0.374700129, -6.98219367e-08, 1, -1.10790765e-07, -0.374700129, 7.65569368e-08, 0.927145958)
        CFrameBoss = CFrame.new(61351.7773, 31.0306778, 1113.31409, 0.999974668, 0, -0.00714713801, 0, 1.00000012, 0, 0.00714714266, 0, 0.999974549)
    elseif _G.Settings.Select_Boss == "Wysper" then
        MsBoss = "Wysper"
        NameBoss = "Wysper"
        NameQuestBoss = "SkyExp1Quest"
        LevelQuestBoss = 3
        CFrameQuestBoss = CFrame.new(-7862.94629, 5545.52832, -379.833954, 0.462944925, 1.45838088e-08, -0.886386991, 1.0534996e-08, 1, 2.19553424e-08, 0.886386991, -1.95022007e-08, 0.462944925)
        CFrameBoss = CFrame.new(-7925.48389, 5550.76074, -636.178345, 0.716468513, -1.22915289e-09, 0.697619379, 3.37381434e-09, 1, -1.70304748e-09, -0.697619379, 3.57381835e-09, 0.716468513)
    elseif _G.Settings.Select_Boss == "Thunder God" then
        MsBoss = "Thunder God"
        NameBoss = "Thunder God"
        NameQuestBoss = "SkyExp2Quest"
        LevelQuestBoss = 3
        CFrameQuestBoss = CFrame.new(-7902.78613, 5635.99902, -1411.98706, -0.0361216255, -1.16895912e-07, 0.999347389, 1.44533963e-09, 1, 1.17024491e-07, -0.999347389, 5.6715117e-09, -0.0361216255)
        CFrameBoss = CFrame.new(-7917.53613, 5616.61377, -2277.78564, 0.965189934, 4.80563429e-08, -0.261550069, -6.73089886e-08, 1, -6.46515304e-08, 0.261550069, 8.00056768e-08, 0.965189934)
    elseif _G.Settings.Select_Boss == "Cyborg" then
        MsBoss = "Cyborg"
        NameBoss = "Cyborg"
        NameQuestBoss = "FountainQuest"
        LevelQuestBoss = 3
        CFrameQuestBoss = CFrame.new(5253.54834, 38.5361786, 4050.45166, -0.0112687312, -9.93677887e-08, -0.999936521, 2.55291371e-10, 1, -9.93769547e-08, 0.999936521, -1.37512213e-09, -0.0112687312)
